21	13300092
21	13516640
21	8837542
21	8987662
21	13331179
21	44770495
21	44772818
21	28535189
21	28542404
21	40205425
21	28541947
21	28563336
21	41854735
21	37667912
21	36752502
21	16030755
21	21923001
21	28571807
21	20448841
21	37686450
21	37689513
21	44783946
21	16016052
21	44845219
21	31309368
21	17470328
21	36117755
21	21576034
21	44722361
21	36755062
21	20704322
21	45393889
21	44776813
21	17217371
CHR_HSCHR21_8_CTG1_1	17217371
21	20477416
21	20467684
21	17960780
21	17246920
CHR_HSCHR21_8_CTG1_1	17250127
21	17206176
CHR_HSCHR21_8_CTG1_1	17206176
21	17209250
CHR_HSCHR21_8_CTG1_1	17209250
21	17210339
21	17216363
21	18315059
21	36488487
21	36488487
21	44900398
21	44900398
21	44777535
21	44783408
21	44783726
21	16042815
21	28536057
21	33579702
21	33596197
21	36493041
21	36493041
21	37231374
21	37231374
21	44770927
21	44787567
21	38581553
21	44161804
21	44766783
21	44782394
21	37673340
21	37673403
21	37715704
21	44771341
21	34477636
21	34477636
21	28563107
21	42063247
21	28289970
21	43329866
21	44768112
21	28555414
21	16444963
21	28573024
21	36492572
21	36492572
21	40463823
21	39325048
21	28552064
21	37984295
21	20458866
21	44710633
21	28566111
21	44786152
21	17069108
21	28546043
21	44769736
21	44769737
21	17063406
21	35341632
21	16041144
21	40448348
21	28566182
21	28545416
21	28561948
21	44769315
21	18452178
21	40456562
21	38584030
21	38583302
