21	9726375
21	9826495
21	14672413
21	14703500
21	14888961
21	17388372
21	17403075
21	17413464
21	17415135
21	17817283
21	18435724
21	18441426
21	18578494
21	18581568
21	18582657
21	18588681
21	18589689
21	18619238
21	18842646
21	19333097
21	19687376
21	19824496
21	21821153
21	21831178
21	21839996
21	21849728
21	22076637
21	22948355
21	23295321
21	29662289
21	29907511
21	29908379
21	29914269
21	29914726
21	29917738
21	29918365
21	29924386
21	29927736
21	29934270
21	29935429
21	29935658
21	29938433
21	29938504
21	29944129
21	29945346
21	32681683
21	34952008
21	34968503
21	35849934
21	36713930
21	37490053
21	37860785
21	37864870
21	37865339
21	38124803
21	38127363
21	38603675
21	39040214
21	39045642
21	39045705
21	39058753
21	39061816
21	39088007
21	39356597
21	39953477
21	39955226
21	39955954
21	40696974
21	41577352
21	41820275
21	41828489
21	41835750
21	43274844
21	43483356
21	44749746
21	45581687
21	46130548
21	46142276
21	46186698
21	46188027
21	46189230
21	46189651
21	46189652
21	46190410
21	46190842
21	46191256
21	46192733
21	46196728
21	46197450
21	46202309
21	46203323
21	46203641
21	46203861
21	46206067
21	46207482
21	46265134
21	46320313
21	46813804
